24
46
120
30
61
24
37
55
24
24
30
24
25
39
56
37
24
24
35
24
24
51
120
24
35
30
42
42
24
67
46
24
24
24
74
35
24
31
24
34
60
31
24
33
105
24
32
24
31
24
120
24
27
25
26
24
24
27
54
42
39
33
24
63
71
120
24
42
24
35
120
24
24
75
30
120
64
24
33
51
26
51
37
81
25
24
24
24
30
68
34
56
24
24
24
24
24
57
74
24
53
66
46
24
133
95
45
24
24
24
24
24
24
67
50
95
120
43
24
50
94
103
24
85
125
223
24
24
37
222
90
120
24
24
24
86
127
144
24
24
24
26
76
70
48
24
88
37
52
83
27
24
56
26
39
24
24
24
36
17
37
24
24
24
120
73
52
48
95
45
127
86
72
120
28
39
49
50
48
28
120
46
157
125
46
24
92
50
89
30
67
25
61
25
100
63
88
44
62
109
55
53
28
14
106
37
27
120
24
50
24
120
27
126
71
102
28
48
84
60
90
66
24
87
24
120
120
60
64
131
126
69
120
84
24
148
70
99
58
120
85
24
24
24
31
41
48
120
89
33
24
120
100
59
120
38
120
46
55
40
24
100
36
27
33
